100
3 2 4
3 2 9
2 100 2936890
2 98 569371215111
2 94 104314623091
1 13 114001003135
1 5 1
2 91 39988517236
14 73 488108133727
21 3 240719951414
2 100 96234111004
7 23 310591133447
25 65 614368959847
3 77 846133332491
1 5 3
21 91 346210915862
11 91 569548865930
2 100 3007316006
3 15 1015
11 50 168425632077
16 54 862429878105
5 10 7323
25 60 825174093223
25 82 81382515656
26 1 1
3 60 839971843081
19 19 599681770895
12 49 808077593707
1 5 5
21 16 434007958437
2 97 330004128775
25 44 922799482971
2 99 49892629427
2 91 920935279186
8 54 816371651234
26 1 5
26 87 242854328102
25 51 911283837059
7 55 890071268438
6 47 258479851569
19 41 764125283218
15 43 980128292797
21 11 539589345825
3 3 97843
5 10 7322
5 18 539936587169
3 77 362243143022
1 100 100
1 99 1000000000000
21 41 927531226965
19 47 237404339908
7 59 821075327119
1 10 451401022661
21 33 742203555182
14 98 60834937732
9 54 830750399893
2 100 353414451810
2 100 549755813913
12 30 263180874667
15 77 878657751142
20 74 329532555319
18 10 342257813049
5 18 451183954383
26 1 3
2 100 102273908761
24 69 810097647159
2 94 694678616248
2 100 3196059683
24 60 920073035223
3 18 6851
2 96 749863912122
7 59 797118735227
12 57 997541013272
20 53 810172341643
2 94 712254492844
19 22 492302834197
13 5 873096628942
2 100 3121207
9 19 486415953120
3 5 51
3 2 7
1 5 2
1 1 2
12 3 775723290551
26 62 292588893869
20 19 602625381234
20 2 674549131775
10 3 287544956477
5 35 809301861827
3 3 16
15 47 952598756631
17 60 978287825496
2 100 1000000000000
26 100 1000000000000
3 55 982581132228
1 1 1
21 47 882865943147
16 49 810611523778
1 100 1000000000000
2 94 62378270444
