100
3 2 4
3 2 9
23 54 890699893733
8 17 937170965946
13 55 911005605564
26 1 3
1 1 2
10 17 158328327068
25 77 994402263813
2 100 1000000000000
2 93 43232444515
18 65 792196270436
13 53 757032368335
2 90 877669032632
3 18 6851
3 3 97843
6 15 964217724775
2 94 70791612745
2 19 476641916191
17 57 798359320018
18 19 615776944165
7 2 46513999202
26 43 918216586187
13 56 910572454724
3 3 16
1 5 1
15 26 518452110158
2 100 102273908761
2 100 540099256950
2 100 3196059683
12 3 534440500862
3 44 921130668865
3 2 7
3 15 1015
1 5 5
1 100 1000000000000
12 42 768496679341
1 99 1000000000000
20 11 255931936903
8 55 446047167338
8 32 558019377915
2 100 96234111004
15 91 615849251205
8 58 929385654743
1 100 100
2 100 3007316006
2 94 455052137511
2 100 471787224295
23 40 987841349440
8 74 90682175211
2 100 3121207
19 59 896923611087
5 10 7322
4 15 814229808152
1 5 3
21 65 666938596372
6 39 913864595224
22 93 480528336493
5 10 7323
2 100 353414451810
25 47 847240748118
2 90 943024067023
15 47 931629630032
3 5 51
2 100 549755813913
1 1 1
26 46 762527233299
8 33 799994897843
22 5 99064718092
24 78 527628430336
19 57 949765887049
25 44 946317298187
2 96 290244287253
20 15 29978645780
12 56 884426294736
5 79 49216919616
18 48 191685851215
2 100 2936890
23 51 931181794591
5 20 57909164260
2 100 789508745973
16 18 1255393002
15 18 124585171710
14 21 865639055998
10 94 88367001728
5 84 462502221583
8 20 954722638465
22 71 59419656149
26 1 1
11 46 766626248881
13 49 896821235142
17 66 84969787448
26 1 5
2 90 840265413189
26 100 1000000000000
17 5 56121703345
1 79 825924661709
12 30 263180874667
1 5 2
7 52 816447077796
