6
10
19 61 43 62 9 34 19 51 15 62 46 79 36 50 12 53 10 26 42 56 
5
89
14
74
21
84

25
15 20 61 99 32 66 110 139 86 181 66 154 116 148 9 62 55 149 72 126 80 148 74 119 49 101 71 148 17 22 39 107 120 155 44 155 42 56 89 183 82 202 19 117 7 19 30 41 28 76 
25
111
8
47
158
178
151
186
107
16
229
55
40
111
46
190
9
227
105
40
161
125
22
21
133
243

50
1 500 500 500 48 163 154 223 244 250 45 84 155 356 23 123 39 267 20 237 103 213 113 267 58 296 219 444 186 295 174 260 148 382 246 432 217 340 69 83 26 224 128 190 231 235 38 249 41 46 158 314 182 182 90 180 206 386 38 285 216 319 158 396 53 146 190 409 224 286 165 315 30 67 244 485 77 298 151 221 145 267 143 345 30 79 36 114 142 261 12 111 215 282 80 309 204 371 236 460 
50
136
238
90
460
140
269
320
425
309
35
292
51
210
493
364
257
293
191
217
146
118
458
405
283
199
81
158
251
445
443
331
366
461
211
462
4
156
390
42
171
160
339
252
63
241
384
354
287
9
250

15
171 171 173 173 93 93 79 153 112 288 195 213 50 203 127 186 144 285 144 331 134 256 9 173 119 231 112 149 194 197 
8
171
170
168
49
10
279
168
93

20
131 146 181 273 104 157 154 278 177 284 227 342 173 339 223 369 94 163 144 281 147 268 197 334 143 326 193 363 74 260 124 330 122 296 172 348 125 298 175 349 
15
139
68
43
345
81
182
155
228
224
145
198
194
125
173
176

15
175 209 88 175 71 111 91 128 22 207 184 346 167 331 146 304 199 309 120 262 52 249 193 290 148 231 178 252 140 203 
8
175
332
179
286
217
36
224
20

