100
100 1
100
10 3
20 3 15
808963 5
742221 93984 929534 697544 294886
595294 2
145981 724072
432929 5
901035 681971 672616 421835 132904
569642 2
465524 819717
744729 5
339392 66296 321058 246623 323401
1 5
1 4 3 2 3
1 5
1000000 1000000 1000000 1000000 1000000
304374 5
51400 89100 368022 23329 288100
7 5
2 3 2 2 1
1 5
1 1 1 1 1
2 5
1 5 3 5 4
1000000 5
102367 836441 314746 563257 55577
1000000 1
1000000
143300 3
939592 993607 138697
1000000 5
871689 365225 298575 375876 707232
1000000 5
1 1 1 1 1
1 5
3 2 5 5 3
123526 2
81290 753702
878090 5
470127 656406 35309 366880 44491
10 5
683 166 687 160 93
734588 5
897917 179385 113090 79770 42174
863355 3
810888 967510 205823
1000000 5
994898 933830 453925 596278 672088
52251 2
14997 891132
1 5
2 1 2 3 1
157220 5
896753 388086 75652 848590 236857
819531 1
433164
612752 5
915789 764282 711024 189928 27712
613998 1
635494
776751 3
918433 951838 332420
951924 5
256185 674840 452374 769654 632374
80575 4
661907 31481 791334 848308
928437 5
301750 22870 228143 244290 89415
10 5
5 5 5 5 10
517074 4
244401 465111 31214 225396
399001 5
81939 170175 341583 613162 722131
1000000 5
826602 268192 658276 445670 458652
462587 4
872351 228159 595041 23167
731821 2
281348 766516
670050 5
511026 305800 693216 12935 545075
427041 5
828448 40331 118241 691553 995397
993535 5
882550 411994 362595 823232 227607
956751 5
879848 722510 520246 99212 45966
867554 5
992743 852709 520862 424331 299262
393661 1
748898
849683 4
907875 363473 440133 858119
67378 5
152742 211950 424933 621156 928929
479291 5
68148 451566 947566 840685 126405
7 5
2 2 1 2 2
453978 4
120937 174848 863106 438715
921974 2
396459 503734
586618 1
305000
755632 5
359255 629560 291394 854404 704527
910236 5
311070 219318 24697 299509 3047
303751 4
921475 582786 667223 361608
245118 4
907647 878376 718725 494264
20779 2
153915 639319
2 4
2 2 2 6
3 3
1 1 100
993503 1
526583
1000000 1
999999
838626 5
142078 195007 102092 729 152269
1000000 5
1000000 1000000 1000000 1000000 1000000
832403 1
380560
5 5
570 569 28 402 181
682247 1
150508
2 5
1 1 1 1 1
8 5
272 356 3 52 287
645925 5
543967 401447 688098 657056 997568
224246 5
606664 999685 946755 222227 519930
616102 4
634465 273751 127884 496790
911405 4
723468 869384 36382 336220
950244 1
555923
3 4
2 2 2 3
11 5
10 5 5 5 5
747406 4
880283 339945 663194 675745
519288 5
776198 570146 555670 628769 145809
3 5
8 124 237 110 105
11 5
5 5 5 5 10
9 5
28 59 33 20 66
457105 5
238110 372062 529669 644595 955446
157263 5
608626 613141 710677 854848 954152
722924 4
519957 320397 362801 117598
509051 5
2105 482620 701148 511782 862326
1000000 5
944352 538255 549180 681390 742541
126690 1
275130
671588 5
409129 317779 353872 498633 515061
752765 5
165933 89505 680931 257464 142235
801084 3
895462 722523 962030
626076 5
374451 184111 928167 91532 536379
1 5
97102 24878 964303 628221 791422
997789 5
980996 857586 362448 523502 471070
150194 5
68007 261094 345369 433424 837958
613485 2
57875 71793
563248 3
120572 438972 684550
3 4
2 2 2 4
328390 5
911490 383864 526712 812524 516768
571211 3
649607 188872 756427
